image_width: 320
image_height: 240
camera_name: camera
camera_matrix:
  rows: 3
  cols: 3
  data: [308.951126, 0, 162.47368, 0, 310.129585, 124.350838, 0, 0, 1]
distortion_model: plumb_bob
distortion_coefficients:
  rows: 1
  cols: 5
  data: [-0.476965, 0.241031, -0.003002, 0.000741, 0]
rectification_matrix:
  rows: 3
  cols: 3
  data: [1, 0, 0, 0, 1, 0, 0, 0, 1]
projection_matrix:
  rows: 3
  cols: 4
  data: [264.324432, 0, 163.1418, 0, 0, 285.280273, 124.017409, 0, 0, 0, 1, 0]
